<?xml version="1.0"?>
<opencv_storage>
<Q type_id="opencv-matrix">
  <rows>4</rows>
  <cols>4</cols>
  <dt>d</dt>
  <data>
    1. 0. 0. -6.1630881881713867e+002 0. 1. 0. -4.8391363906860352e+002
    0. 0. 0. 2.1048487395650409e+003 0. 0. 5.1403323909505055e-003 0.</data></Q>
</opencv_storage>
